44032
44033
A44034
B44035
44036
C44037
D44038
44039
44040
44041
44042
E44043
F44044
G44045
H44046
I44047
44048
44049
44050
44051
44052
44053
44054
44055
J44056
44057
44058
44059
44060
44061
K44062
L44063
44064
M44065
N44066
O44067
44068
P44069
Q44070
R44071
S44072
T44073
U44074
V44075
44076
44077
W44078
44079
44080
44081
X44082
Y44083
Z44084
a44085
b44086
c44087
44088
44089
d44090
e44091
44092
f44093
g44094
h44095
44096
i44097
j44098
k44099
l44100
m44101
n44102
o44103
p44104
q44105
r44106
44107
s44108
44109
t44110
u44111
v44112
w44113
x44114
y44115
44116
z44117
44118
44119
44120
44121
44122
44123
44124
44125
44126
44127
44128
44129
44130
44131
44132
44133
44134
44135
44136
44137
44138
44139
44140
44141
44142
44143
44144
44145
44146
44147
44148
44149
44150
44151
44152
44153
44154
44155
44156
44157
44158
44159
44160
44161
44162
44163
44164
44165
44166
44167
44168
44169
44170
44171
44172
44173
44174
44175
44176
44177
44178
44179
44180
44181
44182
44183
44184
44185
44186
44187
44188
44189
44190
44191
44192
44193
44194
44195
44196
44197
44198
44199
44200
44201
44202
44203
44204
44205
44206
44207
44208
44209
44210
44211
44212
44213
44214
44215
44216
44217
44218
44219
44220
44221
44222
44223
44224
44225
44226
44227
44228
44229
44230
44231
44232
44233
44234
44235
44236
44237
44238
44239
44240
44241
44242
44243
44244
44245
44246
44247
44248
44249
44250
44251
44252
44253
44254
44255
44256
44257
44258
44259
44260
44261
44262
44263
44264
44265
44266
44267
44268
44269
44270
44271
44272
44273
44274
44275
44276
44277
44278
44279
44280
44281
44282
44283
44284
44285
44286
44287
44288
44289
44290
44291
44292
44293
44294
44295
44296
44297
44298
44299
44300
44301
44302
44303
44304
44305
44306
44307
A44308
B44309
C44310
D44311
44312
E44313
F44314
G44315
44316
H44317
I44318
J44319
44320
K44321
L44322
M44323
N44324
O44325
P44326
Q44327
R44328
44329
S44330
T44331
44332
44333
U44334
V44335
W44336
X44337
Y44338
Z44339
44340
44341
a44342
b44343
44344
c44345
d44346
e44347
44348
f44349
g44350
h44351
i44352
j44353
k44354
l44355
44356
44357
m44358
44359
n44360
44361
o44362
p44363
q44364
r44365
s44366
t44367
44368
u44369
v44370
w44371
44372
x44373
y44374
z44375
44376
44377
44378
44379
44380
44381
44382
44383
44384
44385
44386
44387
44388
44389
44390
44391
44392
44393
44394
44395
44396
44397
44398
44399
44400
44401
44402
44403
44404
44405
44406
44407
44408
44409
44410
44411
44412
44413
44414
44415
44416
44417
44418
44419
44420
44421
44422
44423
44424
44425
44426
44427
44428
44429
44430
44431
44432
44433
44434
44435
44436
44437
44438
44439
44440
44441
44442
44443
44444
44445
44446
44447
44448
44449
44450
44451
44452
44453
44454
44455
44456
44457
44458
44459
44460
44461
44462
44463
44464
44465
44466
44467
44468
44469
44470
44471
44472
44473
44474
44475
44476
44477
44478
44479
44480
44481
44482
44483
44484
44485
44486
44487
44488
44489
44490
44491
44492
44493
44494
44495
44496
44497
44498
44499
44500
44501
44502
44503
44504
44505
44506
44507
44508
44509
44510
44511
44512
44513
44514
44515
44516
44517
44518
44519
44520
44521
44522
44523
44524
44525
44526
44527
44528
44529
44530
44531
44532
44533
44534
44535
44536
44537
A44538
B44539
44540
C44541
D44542
44543
44544
44545
E44546
F44547
G44548
H44549
I44550
J44551
44552
44553
K44554
44555
L44556
44557
M44558
N44559
O44560
P44561
Q44562
R44563
44564
S44565
T44566
U44567
V44568
W44569
X44570
Y44571
Z44572
a44573
b44574
c44575
d44576
e44577
f44578
g44579
h44580
i44581
j44582
k44583
l44584
m44585
n44586
o44587
p44588
q44589
r44590
s44591
44592
44593
t44594
u44595
44596
v44597
w44598
44599
44600
x44601
44602
y44603
z44604
44605
44606
44607
44608
44609
44610
44611
44612
44613
44614
44615
44616
44617
44618
44619
44620
44621
44622
44623
44624
44625
44626
44627
44628
44629
44630
44631
44632
44633
44634
44635
44636
44637
44638
44639
44640
44641
44642
44643
44644
44645
44646
44647
44648
44649
44650
44651
44652
44653
44654
44655
44656
44657
44658
44659
44660
44661
44662
44663
44664
44665
44666
44667
44668
44669
44670
44671
44672
44673
44674
44675
44676
44677
44678
44679
44680
44681
44682
44683
44684
44685
44686
44687
44688
44689
44690
44691
44692
44693
44694
44695
44696
44697
44698
44699
44700
44701
44702
44703
44704
44705
44706
44707
44708
44709
44710
44711
44712
44713
44714
44715
44716
44717
44718
44719
44720
44721
44722
44723
44724
44725
44726
44727
44728
44729
44730
44731
44732
44733
44734
44735
44736
44737
44738
44739
44740
44741
44742
44743
44744
44745
44746
44747
44748
44749
44750
44751
44752
44753
44754
44755
44756
44757
44758
44759
44760
44761
44762
44763
44764
44765
44766
44767
44768
44769
44770
44771
44772
44773
A44774
B44775
44776
C44777
D44778
44779
E44780
44781
F44782
G44783
H44784
I44785
J44786
K44787
44788
L44789
M44790
N44791
44792
O44793
P44794
Q44795
44796
R44797
S44798
T44799
U44800
V44801
W44802
X44803
Y44804
Z44805
a44806
44807
44808
b44809
c44810
d44811
e44812
44813
f44814
g44815
44816
h44817
i44818
j44819
k44820
l44821
m44822
n44823
o44824
p44825
q44826
r44827
s44828
t44829
u44830
v44831
w44832
x44833
y44834
z44835
44836
44837
44838
44839
44840
44841
44842
44843
44844
44845
44846
44847
44848
44849
44850
44851
44852
44853
44854
44855
44856
44857
44858
44859
44860
44861
44862
44863
44864
44865
44866
44867
44868
44869
44870
44871
44872
44873
44874
44875
44876
44877
44878
44879
44880
44881
44882
44883
44884
44885
44886
44887
44888
44889
44890
44891
44892
44893
44894
44895
44896
44897
44898
44899
44900
44901
44902
44903
44904
44905
44906
44907
44908
44909
44910
44911
44912
44913
44914
44915
44916
44917
44918
44919
44920
44921
44922
44923
44924
44925
44926
44927
44928
44929
44930
44931
44932
44933
44934
44935
44936
44937
44938
44939
44940
44941
44942
44943
44944
44945
44946
44947
44948
44949
44950
44951
44952
44953
44954
44955
44956
44957
44958
44959
44960
44961
44962
44963
44964
44965
44966
44967
44968
44969
44970
44971
44972
44973
44974
44975
44976
44977
44978
44979
44980
44981
44982
44983
44984
44985
44986
44987
44988
44989
44990
A44991
44992
B44993
C44994
D44995
E44996
F44997
G44998
44999
45000
45001
H45002
45003
I45004
45005
45006
J45007
K45008
L45009
M45010
N45011
45012
O45013
P45014
Q45015
R45016
S45017
T45018
U45019
45020
V45021
W45022
X45023
Y45024
Z45025
a45026
b45027
c45028
d45029
e45030
f45031
45032
45033
g45034
h45035
i45036
j45037
k45038
l45039
45040
45041
m45042
n45043
45044
o45045
p45046
q45047
45048
r45049
s45050
t45051
u45052
v45053
w45054
x45055
45056
45057
y45058
z45059
45060
45061
45062
45063
45064
45065
45066
45067
45068
45069
45070
45071
45072
45073
45074
45075
45076
45077
45078
45079
45080
45081
45082
45083
45084
45085
45086
45087
45088
45089
45090
45091
45092
45093
45094
45095
45096
45097
45098
45099
45100
45101
45102
45103
45104
45105
45106
45107
45108
45109
45110
45111
45112
45113
45114
45115
45116
45117
45118
45119
45120
45121
45122
45123
45124
45125
45126
45127
45128
45129
45130
45131
45132
45133
45134
45135
45136
45137
45138
45139
45140
45141
45142
45143
45144
45145
45146
45147
45148
45149
45150
45151
45152
45153
45154
45155
45156
45157
45158
45159
45160
45161
45162
45163
45164
45165
45166
45167
45168
45169
45170
45171
45172
45173
45174
45175
45176
45177
45178
45179
45180
45181
45182
45183
45184
45185
45186
45187
45188
45189
45190
45191
45192
45193
45194
45195
45196
45197
45198
45199
45200
45201
45202
45203
45204
45205
45206
45207
45208
45209
45210
45211
45212
45213
45214
45215
45216
45217
45218
45219
45220
A45221
B45222
C45223
45224
45225
D45226
45227
45228
45229
45230
45231
E45232
45233
F45234
45235
45236
45237
G45238
H45239
45240
I45241
J45242
K45243
45244
L45245
M45246
N45247
O45248
P52491
Q45250
R45251
45252
45253
S45254
45255
45256
45257
T45258
U45259
V45260
W45261
X45262
Y45263
45264
45265
Z45266
a45267
45268
b45269
c45270
d45271
45272
e45273
f45274
g45275
h45276
i45277
j45278
k45279
45280
l45281
m45282
n45283
o45284
45285
p45286
q45287
r45288
s45289
t45290
u45291
v45292
w45293
x45294
y45295
z45296
45297
45298
45299
45300
45301
45302
45303
45304
45305
45306
45307
45308
45309
45310
45311
45312
45313
45314
45315
45316
45317
45318
45319
45320
45321
45322
45323
45324
45325
45326
45327
45328
45329
45330
45331
45332
45333
45334
45335
45336
45337
45338
45339
45340
45341
45342
45343
45344
45345
45346
45347
45348
45349
45350
45351
45352
45353
45354
45355
45356
45357
45358
45359
45360
45361
45362
45363
45364
45365
45366
45367
45368
45369
45370
45371
45372
45373
45374
45375
45376
45377
45378
45379
45380
45381
45382
45383
45384
45385
45386
45387
45388
45389
45390
45391
45392
45393
45394
45395
45396
45397
45398
45399
45400
45401
45402
45403
45404
45405
45406
45407
45408
45409
45410
45411
45412
45413
45414
45415
45416
45417
45418
45419
45420
45421
45422
45423
45424
45425
45426
45427
45428
45429
45430
45431
45432
45433
45434
45435
45436
45437
45438
45439
45440
45441
45442
45443
45444
45445
45446
45447
45448
45449
45450
45451
45452
45453
45454
45455
45456
45457
45458
45459
45460
45461
45462
45463
45464
45465
45466
45467
45468
45469
A45470
B45471
C45472
D45473
E45474
F45475
G45476
H45477
I45478
J45479
45480
K45481
L45482
M45483
N45484
O45485
P45486
Q45487
R45488
S45489
T45490
U45491
V45492
W45493
X45494
Y45495
Z45496
a45497
b45498
c45499
d45500
e45501
f45502
g45503
h45504
i45505
j45506
k45507
l45508
m45509
n45510
o45511
p45512
q45513
r45514
s45515
45516
t45517
u45518
v45519
45520
w45521
x45522
y45523
45524
z45525
45526
45527
45528
45529
45530
45531
45532
45533
45534
45535
45536
45537
45538
45539
45540
45541
45542
45543
45544
45545
45546
45547
45548
45549
45550
45551
45552
45553
45554
45555
45556
45557
45558
45559
45560
45561
45562
45563
45564
45565
45566
45567
45568
45569
45570
45571
45572
45573
45574
45575
45576
45577
45578
45579
45580
45581
45582
45583
45584
45585
45586
45587
45588
45589
45590
45591
45592
45593
45594
45595
45596
45597
45598
45599
45600
45601
45602
45603
45604
45605
45606
45607
45608
45609
45610
45611
45612
45613
45614
45615
45616
45617
45618
45619
45620
45621
45622
45623
45624
45625
45626
45627
45628
45629
45630
45631
45632
45633
45634
45635
45636
45637
45638
45639
45640
45641
45642
45643
45644
45645
45646
45647
45648
45649
45650
45651
45652
45653
45654
45655
45656
45657
45658
45659
45660
45661
45662
45663
45664
45665
45666
45667
45668
45669
45670
45671
45672
45673
45674
45675
45676
45677
45678
A45679
B45680
C45681
D45682
E45683
45684
45685
F45686
G45687
H45688
I45689
J45690
K45691
45692
L45693
M45694
N45695
O45696
P45697
Q45698
R45699
45700
45701
S45702
T45703
U45704
45705
V45706
W45707
X45708
Y45709
Z45710
a45711
45712
45713
b45714
c45715
45716
d45717
e45718
f45719
45720
45721
45722
g45723
h45724
i45725
j45726
k45727
45728
45729
l45730
45731
m45732
45733
45734
n45735
o45736
p45737
45738
q45739
45740
r45741
s45742
t45743
45744
u45745
v45746
w45747
45748
x45749
y45750
z45751
45752
45753
45754
45755
45756
45757
45758
45759
45760
45761
45762
45763
45764
45765
45766
45767
45768
45769
45770
45771
45772
45773
45774
45775
45776
45777
45778
45779
45780
45781
45782
45783
45784
45785
45786
45787
45788
45789
45790
45791
45792
45793
45794
45795
45796
45797
45798
45799
45800
45801
45802
45803
45804
45805
45806
45807
45808
45809
45810
45811
45812
45813
45814
45815
45816
45817
45818
45819
45820
45821
45822
45823
45824
45825
45826
45827
45828
45829
45830
45831
45832
45833
45834
45835
45836
45837
45838
45839
45840
45841
45842
45843
45844
45845
45846
45847
45848
45849
45850
45851
45852
45853
45854
45855
45856
45857
45858
45859
45860
45861
45862
45863
45864
45865
45866
45867
45868
45869
45870
45871
45872
45873
45874
45875
45876
45877
45878
45879
45880
45881
45882
45883
45884
45885
45886
45887
45888
45889
45890
45891
45892
45893
45894
45895
45896
45897
45898
45899
45900
45901
45902
45903
45904
45905
45906
45907
45908
45909
45910
45911
45912
45913
45914
45915
45916
45917
45918
45919
45920
45921
45922
45923
45924
45925
A45926
45927
B45928
45929
C45930
45931
D45932
E45933
45934
F45935
45936
45937
G45938
H45939
45940
I45941
J45942
K45943
45944
L45945
M45946
N45947
O45948
P45949
Q45950
R45951
45952
45953
S45954
45955
45956
45957
T45958
U45959
V45960
W45961
X45962
Y45963
45964
Z45965
a45966
b45967
45968
c45969
d45970
e45971
45972
f45973
g45974
h45975
i45976
j45977
k45978
l45979
m45980
n45981
o45982
p45983
45984
45985
q45986
r45987
s45988
t45989
u45990
v45991
45992
w45993
x45994
y45995
45996
z45997
45998
45999
46000
46001
46002
46003
46004
46005
46006
46007
46008
46009
46010
46011
46012
46013
46014
46015
46016
46017
46018
46019
46020
46021
46022
46023
46024
46025
46026
46027
46028
46029
46030
46031
46032
46033
46034
46035
46036
46037
46038
46039
46040
46041
46042
46043
46044
46045
46046
46047
46048
46049
46050
46051
46052
46053
46054
46055
46056
46057
46058
46059
46060
46061
46062
46063
46064
46065
46066
46067
46068
46069
46070
46071
46072
46073
46074
46075
46076
46077
46078
46079
46080
46081
46082
46083
46084
46085
46086
46087
46088
46089
46090
46091
46092
46093
46094
46095
46096
46097
46098
46099
46100
46101
46102
46103
46104
46105
46106
46107
46108
46109
46110
46111
46112
46113
46114
46115
46116
46117
46118
46119
46120
46121
46122
46123
46124
46125
46126
46127
46128
46129
46130
46131
46132
46133
46134
46135
46136
46137
46138
46139
46140
46141
46142
46143
46144
46145
46146
46147
46148
A46149
B46150
C46151
D46152
E46153
F46154
G46155
H46156
I46157
J46158
K46159
46160
46161
L46162
M46163
46164
N46165
O46166
P46167
46168
Q46169
R46170
S46171
T46172
U46173
V46174
W46175
46176
46177
X46178
46179
Y46180
46181
Z46182
a46183
b46184
c46185
d46186
e46187
46188
f46189
g46190
h46191
i46192
j46193
k46194
l46195
m46196
n46197
o46198
p46199
q46200
r46201
s46202
t46203
u46204
v46205
w46206
x46207
46208
y46209
z46210
46211
46212
46213
46214
46215
46216
46217
46218
46219
46220
46221
46222
46223
46224
46225
46226
46227
46228
46229
46230
46231
46232
46233
46234
46235
46236
46237
46238
46239
46240
46241
46242
46243
46244
46245
46246
46247
46248
46249
46250
46251
46252
46253
46254
46255
46256
46257
46258
46259
46260
46261
46262
46263
46264
46265
46266
46267
46268
46269
46270
46271
46272
46273
46274
46275
46276
46277
46278
46279
46280
46281
46282
46283
46284
46285
46286
46287
46288
46289
46290
46291
46292
46293
46294
46295
46296
46297
46298
46299
46300
46301
46302
46303
46304
46305
46306
46307
46308
46309
46310
46311
46312
46313
46314
46315
46316
46317
46318
46319
46320
46321
46322
46323
46324
46325
46326
46327
46328
46329
46330
46331
46332
46333
46334
46335
46336
46337
46338
46339
46340
46341
46342
46343
46344
46345
46346
46347
46348
46349
46350
46351
46352
46353
46354
46355
46356
46357
46358
46359
46360
46361
46362
46363
46364
46365
A46366
B46367
C46368
D46369
E46370
F46371
46372
46373
G46374
46375
46376
46377
46378
H46379
I46380
J46381
K46382
L46383
46384
46385
M46386
N46387
46388
O46389
P46390
Q46391
46392
R46393
S46394
T46395
U46396
V46397
W46398
X46399
46400
46401
Y46402
46403
46404
46405
Z46406
a46407
b46408
c46409
d46410
46411
46412
46413
e46414
f46415
46416
g46417
h46418
i46419
46420
j46421
k46422
l46423
m46424
n46425
o46426
p46428
46429
q46430
46431
46432
46433
r46434
s46435
t46436
u46437
v46438
w46439
x46440
y46441
z46442
46443
46444
46445
46446
46447
46448
46449
46450
46451
46452
46453
46454
46455
46456
46457
46458
46459
46460
46461
46462
46463
46464
46465
46466
46467
46468
46469
46470
46471
46472
46473
46474
46475
46476
46477
46478
46479
46480
46481
46482
46483
46484
46485
46486
46487
46488
46489
46490
46491
46492
46493
46494
46495
46496
46497
46498
46499
46500
46501
46502
46503
46504
46505
46506
46507
46508
46509
46510
46511
46512
46513
46514
46515
46516
46517
46518
46519
46520
46521
46522
46523
46524
46525
46526
46527
46528
46529
46530
46531
46532
46533
46534
46535
46536
46537
46538
46539
46540
46541
46542
46543
46544
46545
46546
46547
46548
46549
46550
46551
46552
46553
46554
46555
46556
46557
46558
46559
46560
46561
46562
46563
46564
46565
46566
46567
46568
46569
46570
46571
46572
46573
46574
46575
46576
46577
46578
46579
46580
46581
46582
46583
46584
46585
46586
46587
46588
46589
46590
46591
A46592
B46593
C46594
D46595
E46596
F46597
G46598
H46599
I46600
J46601
K46602
L46603
M46604
N46605
O46606
P46607
46608
46609
Q46610
R46611
46612
S46613
T46614
U46615
46616
V46617
W46618
X46619
Y46620
Z46621
a46622
b46623
c46624
d46625
e46626
f46627
g46628
46629
h46630
i46631
j46632
k46633
l46634
m46635
46636
n46637
o46638
p46639
q46640
r46641
s46642
t46643
46644
u46645
v46646
w46647
x46648
y46649
z46650
46651
46652
46653
46654
46655
46656
46657
46658
46659
46660
46661
46662
46663
46664
46665
46666
46667
46668
46669
46670
46671
46672
46673
46674
46675
46676
46677
46678
46679
46680
46681
46682
46683
46684
46685
46686
46687
46688
46689
46690
46691
46692
46693
46694
46695
46696
46697
46698
46699
46700
46701
46702
46703
46704
46705
46706
46707
46708
46709
46710
46711
46712
46713
46714
46715
46716
46717
46718
46719
46720
46721
46722
46723
46724
46725
46726
46727
46728
46729
46730
46731
46732
46733
46734
46735
46736
46737
46738
46739
46740
46741
46742
46743
46744
46745
46746
46747
46748
46749
46750
46751
46752
46753
46754
46755
46756
46757
46758
46759
46760
46761
46762
46763
46764
46765
46766
46767
46768
46769
46770
46771
46772
46773
46774
46775
46776
46777
46778
46779
46780
46781
46782
46783
46784
46785
46786
A46787
B46788
C46789
D46790
E46791
F46792
G46793
H46794
I46795
J46796
K46797
L46798
M46799
N46800
O46801
P46802
Q46803
46804
R46805
S46806
T46807
U46808
V46809
W46810
X46811
Y46812
Z46813
a46814
b46815
c46816
d46817
e46818
f46819
g46820
h46821
i46822
j46823
k46824
l46825
m46826
n46827
o46828
p46829
q46830
r46831
46832
s46833
t46834
u46835
46836
v46837
w46838
x46839
46840
y46841
z46842
46843
46844
46845
46846
46847
46848
46849
46850
46851
46852
46853
46854
46855
46856
46857
46858
46859
46860
46861
46862
46863
46864
46865
46866
46867
46868
46869
46870
46871
46872
46873
46874
46875
46876
46877
46878
46879
46880
46881
46882
46883
46884
46885
46886
46887
46888
46889
46890
46891
46892
46893
46894
46895
46896
46897
46898
46899
46900
46901
46902
46903
46904
46905
46906
46907
46908
46909
46910
46911
46912
46913
46914
46915
46916
46917
46918
46919
46920
46921
46922
46923
46924
46925
46926
46927
46928
46929
46930
46931
46932
46933
46934
46935
46936
46937
46938
46939
46940
46941
46942
46943
46944
46945
46946
46947
46948
46949
46950
46951
46952
46953
46954
46955
46956
46957
46958
46959
46960
46961
46962
46963
46964
46965
46966
46967
46968
46969
46970
46971
46972
46973
46974
46975
46976
46977
46978
46979
46980
46981
46982
46983
46984
46985
46986
46987
46988
46989
46990
46991
46992
46993
46994
46995
46996
46997
46998
46999
47000
47001
47002
47003
47004
47005
47006
A47007
47008
B47009
C47010
D47011
E47012
F47013
G47014
H47015
47016
47017
I47018
47019
47020
47021
J47022
K47023
L47024
M47025
N47026
O47027
47028
47029
P47030
Q47031
47032
R47033
S47034
T47035
U47036
V47037
W47038
X47039
Y47040
Z47041
a47042
b47043
c47044
d47045
e47046
47047
f47048
47049
g47050
h47051
i47052
j47053
k47054
l47055
m47056
n47057
o47058
p47059
q47060
r47061
s47062
t47063
u47064
v47065
w47066
x47067
y47068
z47069
47070
47071
47072
47073
47074
47075
47076
47077
47078
47079
47080
47081
47082
47083
47084
47085
47086
47087
47088
47089
47090
47091
47092
47093
47094
47095
47096
47097
47098
47099
47100
47101
47102
47103
47104
47105
47106
47107
47108
47109
47110
47111
47112
47113
47114
47115
47116
47117
47118
47119
47120
47121
47122
47123
47124
47125
47126
47127
47128
47129
47130
47131
47132
47133
47134
47135
47136
47137
47138
47139
47140
47141
47142
47143
47144
47145
47146
47147
47148
47149
47150
47151
47152
47153
47154
47155
47156
47157
47158
47159
47160
47161
47162
47163
47164
47165
47166
47167
47168
47169
47170
47171
47172
47173
47174
47175
47176
47177
47178
47179
47180
47181
47182
47183
47184
47185
47186
47187
47188
47189
47190
47191
47192
47193
47194
47195
47196
47197
47198
47199
47200
47201
47202
47203
47204
47205
47206
47207
47208
47209
47210
47211
47212
47213
47214
47215
47216
47217
47218
47219
47220
47221
47222
47223
47224
47225
47226
47227
47228
47229
47230
47231
47232
47233
47234
47235
47236
A47237
B47238
C47239
D47240
E47241
F47242
G47243
H47244
47245
I47246
J47247
K47248
L47249
M47250
N47251
O47252
P47253
Q47254
R47255
S47256
T47257
U47258
V47259
W47260
X47261
Y47262
Z47263
a47264
b47265
c47266
d47267
e47268
f47269
g47270
h47271
47272
i47273
j47274
k47275
l47276
m47277
n47278
o47279
47280
p47281
q47282
r47283
47284
s47285
t47286
u47287
47288
v47289
w47290
x47291
y47292
z47293
47294
47295
47296
47297
47298
47299
47300
47301
47302
47303
47304
47305
47306
47307
47308
47309
47310
47311
47312
47313
47314
47315
47316
47317
47318
47319
47320
47321
47322
47323
47324
47325
47326
47327
47328
47329
47330
47331
47332
47333
47334
47335
47336
47337
47338
47339
47340
47341
47342
47343
47344
47345
47346
47347
47348
47349
47350
47351
47352
47353
47354
47355
47356
47357
47358
47359
47360
47361
47362
47363
47364
47365
47366
47367
47368
47369
47370
47371
47372
47373
47374
47375
47376
47377
47378
47379
47380
47381
47382
47383
47384
47385
47386
47387
47388
47389
47390
47391
47392
47393
47394
47395
47396
47397
47398
47399
47400
47401
47402
47403
47404
47405
47406
47407
47408
47409
47410
47411
47412
47413
47414
47415
47416
47417
47418
47419
47420
47421
47422
47423
47424
47425
47426
47427
47428
47429
47430
47431
47432
47433
47434
47435
47436
47437
47438
47439
47440
47441
47442
47443
47444
47445
47446
47447
47448
47449
A47450
B47451
47452
C47453
D47454
E47455
47456
F47457
G47458
H47459
I47460
J47461
K47462
L47463
47464
47465
M47466
47467
N47468
47469
O47470
P47471
Q47472
R47473
S47474
T47475
47476
47477
U47478
V47479
47480
W47481
X47482
Y47483
47484
Z47485
a47486
b47487
c47488
d47489
e47490
f47491
47492
47493
g47494
47495
h47496
47497
47498
i47499
j47500
47501
47502
k47503
l47504
m47505
n47506
o47507
p47508
q47509
r47510
s47511
t47512
u47513
v47514
w47515
x47516
y47517
z47518
47519
47520
47521
47522
47523
47524
47525
47526
47527
47528
47529
47530
47531
47532
47533
47534
47535
47536
47537
47538
47539
47540
47541
47542
47543
47544
47545
47546
47547
47548
47549
47550
47551
47552
47553
47554
47555
47556
47557
47558
47559
47560
47561
47562
47563
47564
47565
47566
47567
47568
47569
47570
47571
47572
47573
47574
47575
47576
47577
47578
47579
47580
47581
47582
47583
47584
47585
47586
47587
47588
47589
47590
47591
47592
47593
47594
47595
47596
47597
47598
47599
47600
47601
47602
47603
47604
47605
47606
47607
47608
47609
47610
47611
47612
47613
47614
47615
47616
47617
47618
47619
47620
47621
47622
47623
47624
47625
47626
47627
47628
47629
47630
47631
47632
47633
47634
47635
47636
47637
47638
47639
47640
47641
47642
47643
47644
47645
47646
47647
47648
47649
47650
47651
47652
47653
47654
47655
47656
47657
47658
47659
47660
47661
47662
47663
47664
47665
47666
47667
47668
47669
47670
47671
47672
47673
47674
47675
47676
47677
47678
47679
47680
47681
47682
47683
47684
47685
47686
A47687
47688
47689
B47690
47691
C47692
47693
47694
D47695
E47696
F47697
G47698
47699
47700
47701
H47702
I47703
47704
J47705
K47706
L47707
47708
M47709
N47710
O47711
P47712
Q47713
R47714
S47715
47716
47717
T47718
47719
47720
47721
U47722
V47723
W47724
X47725
Y47726
Z47727
47728
47729
a47730
b47731
47732
c47733
d47734
e47735
47736
f47737
g47738
h47739
i47740
j47741
k47742
l47743
m47744
n47745
o47746
47747
47748
47749
p47750
47751
q47752
r47753
s47754
t47755
47756
u47757
v47758
w47759
x47760
y47761
z47762
47763
47764
47765
47766
47767
47768
47769
47770
47771
47772
47773
47774
47775
47776
47777
47778
47779
47780
47781
47782
47783
47784
47785
47786
47787
47788
47789
47790
47791
47792
47793
47794
47795
47796
47797
47798
47799
47800
47801
47802
47803
47804
47805
47806
47807
47808
47809
47810
47811
47812
47813
47814
47815
47816
47817
47818
47819
47820
47821
47822
47823
47824
47825
47826
47827
47828
47829
47830
47831
47832
47833
47834
47835
47836
47837
47838
47839
47840
47841
47842
47843
47844
47845
47846
47847
47848
47849
47850
47851
47852
47853
47854
47855
47856
47857
47858
47859
47860
47861
47862
47863
47864
47865
47866
47867
47868
47869
47870
47871
47872
47873
47874
47875
47876
47877
47878
47879
47880
47881
47882
47883
47884
47885
47886
47887
47888
47889
47890
47891
47892
47893
47894
47895
47896
47897
47898
47899
47900
47901
47902
47903
47904
47905
47906
47907
47908
47909
47910
47911
A47912
47913
B47914
47915
C47916
D47917
E47918
F47919
G47920
H47921
I47922
J47923
47924
47925
47926
K47927
47928
L47929
M47930
47931
47932
47933
47934
N47935
O47936
P47937
Q47938
R47939
47940
47941
S47942
47943
T47944
47945
U47946
V47947
W47948
47949
X47950
47951
47952
Y47953
Z47954
a47955
47956
b47957
c47958
d47959
47960
e47961
f47962
g47963
h47964
i47965
j47966
k47967
l47968
47969
m47970
47971
n47972
o47973
p47974
q47975
r47976
s47977
t47978
u47979
47980
v47981
w47982
x47983
y47984
z47985
47986
47987
47988
47989
47990
47991
47992
47993
47994
47995
47996
47997
47998
47999
48000
48001
48002
48003
48004
48005
48006
48007
48008
48009
48010
48011
48012
48013
48014
48015
48016
48017
48018
48019
48020
48021
48022
48023
48024
48025
48026
48027
48028
48029
48030
48031
48032
48033
48034
48035
48036
48037
48038
48039
48040
48041
48042
48043
48044
48045
48046
48047
48048
48049
48050
48051
48052
48053
48054
48055
48056
48057
48058
48059
48060
48061
48062
48063
48064
48065
48066
48067
48068
48069
48070
48071
48072
48073
48074
48075
48076
48077
48078
48079
48080
48081
48082
48083
48084
48085
48086
48087
48088
48089
48090
48091
48092
48093
48094
48095
48096
48097
48098
48099
48100
48101
48102
48103
48104
48105
48106
48107
48108
48109
48110
48111
48112
48113
48114
48115
48116
48117
48118
48119
48120
48121
48122
48123
48124
48125
48126
48127
48128
48129
48130
A48131
B48132
C48133
D48134
E48135
48136
48137
F48138
48139
48140
48141
G48142
48143
H48144
48145
I48146
J48147
48148
48149
48150
48151
48152
K48153
L48154
48155
48156
48157
48158
48159
M48160
N48161
O48162
P48163
48164
48165
Q48166
48167
R48168
48169
S48170
T48171
U48172
48173
V48174
W48175
48176
48177
X48178
Y48179
48180
Z48181
a48182
b48183
48184
c48185
d48186
e48187
f48188
g48189
h48190
i48191
48192
48193
j48194
48195
48196
48197
k48198
l48199
m48200
48201
n48202
o48203
48204
48205
p48206
q48207
48208
r48209
s48210
t48211
u48212
v48213
w48214
x48215
y48216
z48217
48218
48219
48220
48221
48222
48223
48224
48225
48226
48227
48228
48229
48230
48231
48232
48233
48234
48235
48236
48237
48238
48239
48240
48241
48242
48243
48244
48245
48246
48247
48248
48249
48250
48251
48252
48253
48254
48255
48256
48257
48258
48259
48260
48261
48262
48263
48264
48265
48266
48267
48268
48269
48270
48271
48272
48273
48274
48275
48276
48277
48278
48279
48280
48281
48282
48283
48284
48285
48286
48287
48288
48289
48290
48291
48292
48293
48294
48295
48296
48297
48298
48299
48300
48301
48302
48303
48304
48305
48306
48307
48308
48309
48310
48311
48312
48313
48314
48315
48316
48317
48318
48319
48320
48321
48322
48323
48324
48325
48326
48327
48328
48329
48330
48331
48332
48333
48334
48335
48336
48337
48338
48339
48340
48341
48342
48343
48344
48345
48346
48347
48348
48349
48350
48351
48352
48353
48354
48355
48356
48357
48358
48359
48360
48361
48362
48363
48364
48365
48366
48367
48368
48369
48370
48371
48372
48373
48374
48375
48376
48377
48378
48379
48380
48381
A48382
B48383
C48384
D48385
E48386
F48387
48388
48389
G48390
48391
H48392
48393
I48394
J48395
K48396
L48397
M48398
N48399
48400
O48401
P48402
Q48403
48404
R48405
S48406
T48407
U48408
V48409
W48410
X48411
Y48412
Z48413
a48414
b48415
c48416
d48417
e48418
f48419
48420
g48421
h48422
i48423
j48424
k48425
l48426
m48427
48428
n48429
o48430
p48431
q48432
r48433
s48434
t48435
u48436
v48437
w48438
x48439
y48440
z48441
48442
48443
48444
48445
48446
48447
48448
48449
48450
48451
48452
48453
48454
48455
48456
48457
48458
48459
48460
48461
48462
48463
48464
48465
48466
48467
48468
48469
48470
48471
48472
48473
48474
48475
48476
48477
48478
48479
48480
48481
48482
48483
48484
48485
48486
48487
48488
48489
48490
48491
48492
48493
48494
48495
48496
48497
48498
48499
48500
48501
48502
48503
48504
48505
48506
48507
48508
48509
48510
48511
48512
48513
48514
48515
48516
48517
48518
48519
48520
48521
48522
48523
48524
48525
48526
48527
48528
48529
48530
48531
48532
48533
48534
48535
48536
48537
48538
48539
48540
48541
48542
48543
48544
48545
48546
48547
48548
48549
48550
48551
48552
48553
48554
48555
48556
48557
48558
48559
48560
48561
48562
48563
48564
48565
48566
48567
48568
48569
48570
48571
48572
48573
48574
48575
48576
48577
48578
48579
48580
48581
48582
48583
48584
48585
48586
48587
48588
48589
48590
48591
48592
48593
A48594
B48595
48596
48597
C48598
D48599
48600
E48601
F48602
G48603
48604
H48605
I48606
J48607
K48608
L48609
M48610
N48611
O48612
P48613
Q48614
R48615
S48616
48617
T48618
U48619
V48620
W48621
X48622
Y48623
48624
Z48625
a48626
b48627
48628
c48629
d48630
e48631
48632
f48633
g48634
h48635
i48636
j48637
k48638
l48639
48640
m48641
n48642
48643
o48644
48645
p48646
q48647
r48648
s48649
t48650
u48651
48652
48653
v48654
w48655
48656
x48657
y48658
z48659
48660
48661
48662
48663
48664
48665
48666
48667
48668
48669
48670
48671
48672
48673
48674
48675
48676
48677
48678
48679
48680
48681
48682
48683
48684
48685
48686
48687
48688
48689
48690
48691
48692
48693
48694
48695
48696
48697
48698
48699
48700
48701
48702
48703
48704
48705
48706
48707
48708
48709
48710
48711
48712
48713
48714
48715
48716
48717
48718
48719
48720
48721
48722
48723
48724
48725
48726
48727
48728
48729
48730
48731
48732
48733
48734
48735
48736
48737
48738
48739
48740
48741
48742
48743
48744
48745
48746
48747
48748
48749
48750
48751
48752
48753
48754
48755
48756
48757
48758
48759
48760
48761
48762
48763
48764
48765
48766
48767
48768
48769
48770
48771
48772
48773
48774
48775
48776
48777
48778
48779
48780
48781
48782
48783
48784
48785
48786
48787
48788
48789
48790
48791
48792
48793
48794
48795
48796
48797
48798
48799
48800
48801
48802
48803
48804
48805
48806
48807
48808
48809
48810
48811
48812
48813
48814
48815
48816
48817
48818
48819
48820
48821
48822
48823
A48824
B48825
C48826
D48827
E48828
F48829
G48830
H48831
I48832
J48833
K48834
L48835
M48836
N48837
O48838
P48839
Q48840
R48841
S48842
T48843
U48844
V48845
W48846
X48847
48848
48849
Y48850
Z48851
48852
a48853
b48854
48855
48856
c48857
d48858
e48859
f48860
g48861
h48862
i48863
48864
j48865
k48866
48867
48868
48869
l48870
m48871
n48872
o48873
p48874
q48875
48876
r48877
s48878
t48879
u48880
v48881
w48882
x48883
y48884
z48885
48886
48887
48888
48889
48890
48891
48892
48893
48894
48895
48896
48897
48898
48899
48900
48901
48902
48903
48904
48905
48906
48907
48908
48909
48910
48911
48912
48913
48914
48915
48916
48917
48918
48919
48920
48921
48922
48923
48924
48925
48926
48927
48928
48929
48930
48931
48932
48933
48934
48935
48936
48937
48938
48939
48940
48941
48942
48943
48944
48945
48946
48947
48948
48949
48950
48951
48952
48953
48954
48955
48956
48957
48958
48959
48960
48961
48962
48963
48964
48965
48966
48967
48968
48969
48970
48971
48972
48973
48974
48975
48976
48977
48978
48979
48980
48981
48982
48983
48984
48985
48986
48987
48988
48989
48990
48991
48992
48993
48994
48995
48996
48997
48998
48999
49000
49001
49002
49003
49004
49005
49006
49007
49008
49009
49010
49011
49012
49013
49014
49015
49016
49017
49018
49019
49020
49021
49022
49023
49024
49025
49026
A49027
B49028
C49029
D49030
E49031
F49032
G49033
H49034
I49035
J49036
K49037
L49038
M49039
N49040
O49041
P49042
Q49043
49044
R49045
S49046
T49047
U49048
V49049
W49050
X49051
Y49052
Z49053
a49054
b49055
c49056
d49057
e49058
f49059
g49060
h49061
i49062
j49063
k49064
l49065
m49066
n49067
o49068
p49069
q49070
r49071
49072
s49073
t49074
u49075
v49076
w49077
x49078
y49079
z49080
49081
49082
49083
49084
49085
49086
49087
49088
49089
49090
49091
49092
49093
49094
49095
49096
49097
49098
49099
49100
49101
49102
49103
49104
49105
49106
49107
49108
49109
49110
49111
49112
49113
49114
49115
49116
49117
49118
49119
49120
49121
49122
49123
49124
49125
49126
49127
49128
49129
49130
49131
49132
49133
49134
49135
49136
49137
49138
49139
49140
49141
49142
49143
49144
49145
49146
49147
49148
49149
49150
49151
49152
49153
49154
49155
49156
49157
49158
49159
49160
49161
49162
49163
49164
49165
49166
49167
49168
49169
49170
49171
49172
49173
49174
49175
49176
49177
49178
49179
49180
49181
49182
49183
49184
49185
49186
49187
49188
49189
49190
49191
49192
49193
49194
49195
49196
49197
49198
49199
49200
49201
49202
49203
49204
49205
49206
49207
49208
49209
49210
49211
49212
49213
49214
49215
A49216
B49217
C49218
D49219
E49220
F49221
G49222
H49223
I49224
J49225
K49226
L49227
M49228
N49229
O49230
P49231
Q49232
49233
R49234
S49235
T49236
U49237
V49238
W49239
49240
X49241
Y49242
Z49243
49244
a49245
b49246
c49247
49248
d49249
e49250
f49251
g49252
h49253
i49254
j49255
49256
49257
k49258
l49259
m49260
n49261
o49262
p49263
q49264
r49265
s49266
t49267
u49268
v49269
w49270
x49271
y49272
z49273
49274
49275
49276
49277
49278
49279
49280
49281
49282
49283
49284
49285
49286
49287
49288
49289
49290
49291
49292
49293
49294
49295
49296
49297
49298
49299
49300
49301
49302
49303
49304
49305
49306
49307
49308
49309
49310
49311
49312
49313
49314
49315
49316
49317
49318
49319
49320
49321
49322
49323
49324
49325
49326
49327
49328
49329
49330
49331
49332
49333
49334
49335
49336
49337
49338
49339
49340
49341
49342
49343
49344
49345
49346
49347
49348
49349
49350
49351
49352
49353
49354
49355
49356
49357
49358
49359
49360
49361
49362
49363
49364
49365
49366
49367
49368
49369
49370
49371
49372
49373
49374
49375
49376
49377
49378
49379
49380
49381
49382
49383
49384
49385
49386
49387
49388
49389
49390
49391
49392
49393
49394
49395
49396
49397
49398
49399
49400
49401
49402
49403
49404
49405
49406
49407
49408
49409
49410
49411
49412
49413
49414
49415
49416
49417
49418
49419
49420
49421
49422
49423
49424
49425
49426
49427
49428
49429
49430
49431
49432
49433
49434
49435
49436
49437
49438
49439
49440
49441
49442
49443
49444
49445
49446
49447
49448
49449
49450
49451
49452
49453
49454
49455
49456
49457
A49458
B49459
C49460
D49461
49462
E49463
49464
49465
F49466
G49467
49468
H49469
I49470
J49471
49472
K49473
L49474
M49475
N49476
O49477
P49478
Q49479
49480
49481
R49482
49483
49484
49485
S49486
T49487
U49488
V49489
W49490
X49491
49492
49493
Y49494
Z49495
49496
a49497
b49498
c49499
49500
d49501
e49502
f49503
g49504
h49505
i49506
j49507
49508
49509
k49510
49511
49512
49513
l49514
m49515
n49516
o49517
p49518
q49519
49520
r49521
s49522
t49523
49524
u49525
v49526
w49527
49528
x49529
y49530
z49531
49532
49533
49534
49535
49536
49537
49538
49539
49540
49541
49542
49543
49544
49545
49546
49547
49548
49549
49550
49551
49552
49553
49554
49555
49556
49557
49558
49559
49560
49561
49562
49563
49564
49565
49566
49567
49568
49569
49570
49571
49572
49573
49574
49575
49576
49577
49578
49579
49580
49581
49582
49583
49584
49585
49586
49587
49588
49589
49590
49591
49592
49593
49594
49595
49596
49597
49598
49599
49600
49601
49602
49603
49604
49605
49606
49607
49608
49609
49610
49611
49612
49613
49614
49615
49616
49617
49618
49619
49620
49621
49622
49623
49624
49625
49626
49627
49628
49629
49630
49631
49632
49633
49634
49635
49636
49637
49638
49639
49640
49641
49642
49643
49644
49645
49646
49647
49648
49649
49650
49651
49652
49653
49654
49655
49656
49657
49658
49659
49660
49661
49662
49663
49664
49665
49666
49667
49668
49669
49670
49671
49672
49673
49674
49675
49676
49677
49678
49679
49680
49681
49682
49683
49684
49685
49686
49687
49688
49689
49690
49691
49692
49693
49694
49695
49696
49697
49698
49699
A49700
B49701
C49702
D49703
49704
49705
E49706
49707
F49708
49709
G49710
49711
H49712
49713
49714
I49715
49716
J49717
K49718
L49719
M49720
N49721
O49722
P49723
Q49724
R49725
S49726
T49727
U49728
V49729
W49730
X49731
Y49732
Z49733
a49734
b49735
49736
c49737
d49738
e49739
f49740
g49741
h49742
i49743
49744
49745
j49746
k49747
49748
l49749
m49750
n49751
49752
o49753
p49754
q49755
r49756
s49757
t49758
u49759
49760
v49761
w49762
x49763
y49764
49765
z49766
49767
49768
49769
49770
49771
49772
49773
49774
49775
49776
49777
49778
49779
49780
49781
49782
49783
49784
49785
49786
49787
49788
49789
49790
49791
49792
49793
49794
49795
49796
49797
49798
49799
49800
49801
49802
49803
49804
49805
49806
49807
49808
49809
49810
49811
49812
49813
49814
49815
49816
49817
49818
49819
49820
49821
49822
49823
49824
49825
49826
49827
49828
49829
49830
49831
49832
49833
49834
49835
49836
49837
49838
49839
49840
49841
49842
49843
49844
49845
49846
49847
49848
49849
49850
49851
49852
49853
49854
49855
49856
49857
49858
49859
49860
49861
49862
49863
49864
49865
49866
49867
49868
49869
49870
49871
49872
49873
49874
49875
49876
49877
49878
49879
49880
49881
49882
49883
49884
49885
49886
49887
49888
49889
49890
49891
49892
49893
49894
49895
49896
49897
49898
49899
49900
49901
49902
49903
49904
49905
49906
49907
49908
49909
49910
49911
49912
49913
49914
49915
49916
49917
49918
49919
49920
49921
49922
49923
49924
49925
49926
49927
49928
49929
49930
49931
49932
49933
49934
49935
A49936
B49937
C49938
49939
49940
49941
D49942
E49943
49944
F49945
G49946
H49947
49948
I49949
J49950
K49951
L49952
M49953
N49954
O49955
49956
49957
P49958
Q49959
49960
49961
R49962
S49963
T49964
U49965
V49966
W49967
X49968
Y49969
Z49970
a49971
b49972
c49973
d49974
e49975
f49976
g49977
h49978
i49979
j49980
k49981
l49982
m49983
n49984
o49985
p49986
q49987
r49988
49989
s49990
t49991
u49992
v49993
w49994
x49995
y49996
z49997
49998
49999
50000
50001
50002
50003
50004
50005
50006
50007
50008
50009
50010
50011
50012
50013
50014
50015
50016
50017
50018
50019
50020
50021
50022
50023
50024
50025
50026
50027
50028
50029
50030
50031
50032
50033
50034
50035
50036
50037
50038
50039
50040
50041
50042
50043
50044
50045
50046
50047
50048
50049
50050
50051
50052
50053
50054
50055
50056
50057
50058
50059
50060
50061
50062
50063
50064
50065
50066
50067
50068
50069
50070
50071
50072
50073
50074
50075
50076
50077
50078
50079
50080
50081
50082
50083
50084
50085
50086
50087
50088
50089
50090
50091
50092
50093
50094
50095
50096
50097
50098
50099
50100
50101
50102
50103
50104
50105
50106
50107
50108
50109
50110
50111
50112
50113
50114
50115
50116
50117
50118
50119
50120
50121
50122
50123
50124
50125
50126
50127
50128
50129
50130
50131
50132
50133
50134
50135
50136
50137
50138
A50139
50140
B50141
C50142
50143
50144
D50145
50146
E50147
F50148
G50149
H50150
I50151
50152
50153
J50154
K50155
L50156
50157
M50158
N50159
O50160
P50161
Q50162
R50163
50164
50165
S50166
T50167
50168
U50169
V50170
W50171
X50172
Y50173
Z50174
a50175
b50176
c50177
d50178
e50179
f50180
g50181
h50182
i50183
50184
j50185
k50186
l50187
m50188
n50189
o50190
p50191
50192
q50193
r50194
s50195
t50196
u50197
v50198
w50199
x50200
y50201
z50202
50203
50204
50205
50206
50207
50208
50209
50210
50211
50212
50213
50214
50215
50216
50217
50218
50219
50220
50221
50222
50223
50224
50225
50226
50227
50228
50229
50230
50231
50232
50233
50234
50235
50236
50237
50238
50239
50240
50241
50242
50243
50244
50245
50246
50247
50248
50249
50250
50251
50252
50253
50254
50255
50256
50257
50258
50259
50260
50261
50262
50263
50264
50265
50266
50267
50268
50269
50270
50271
50272
50273
50274
50275
50276
50277
50278
50279
50280
50281
50282
50283
50284
50285
50286
50287
50288
50289
50290
50291
50292
50293
50294
50295
50296
50297
50298
50299
50300
50301
50302
50303
50304
50305
50306
50307
50308
50309
50310
50311
50312
50313
50314
50315
50316
50317
50318
50319
50320
50321
50322
50323
50324
50325
50326
50327
50328
50329
50330
50331
50332
50333
50334
50335
50336
50337
50338
50339
50340
50341
50342
50343
50344
50345
A50346
B50347
C50348
D50349
E50350
F50351
G50352
H50353
I50354
J50355
K50356
L50357
M50358
N50359
50360
O50361
P50362
Q50363
50364
R50365
S50366
T50367
U50368
V50369
W50370
X50371
Y50372
Z50373
a50374
b50375
c50376
d50377
e50378
f50379
g50380
h50381
i50382
j50383
k50384
l50385
m50386
n50387
o50388
p50389
q50390
r50391
s50392
t50393
u50394
v50395
w50396
x50397
y50398
z50399
50400
50401
50402
50403
50404
50405
50406
50407
50408
50409
50410
50411
50412
50413
50414
50415
50416
50417
50418
50419
50420
50421
50422
50423
50424
50425
50426
50427
50428
50429
50430
50431
50432
50433
50434
50435
50436
50437
50438
50439
50440
50441
50442
50443
50444
50445
50446
50447
50448
50449
50450
50451
50452
50453
50454
50455
50456
50457
50458
50459
50460
50461
50462
50463
50464
50465
50466
50467
50468
50469
50470
50471
50472
50473
50474
50475
50476
50477
50478
50479
50480
50481
50482
50483
50484
50485
50486
50487
50488
50489
50490
50491
50492
50493
50494
50495
50496
50497
50498
50499
50500
50501
50502
50503
50504
50505
50506
50507
50508
50509
50510
50511
50512
50513
50514
50515
50516
50517
50518
50519
50520
50521
50522
50523
50524
50525
50526
50527
50528
50529
50530
50531
50532
50533
50534
50535
50536
50537
50538
50539
50540
50541
50542
50543
50544
50545
50546
50547
50548
50549
50550
50551
50552
50553
50554
50555
50556
50557
50558
50559
50560
50561
50562
50563
50564
50565
50566
50567
50568
50569
50570
50571
50572
50573
50574
50575
50576
50577
50578
50579
50580
50581
A50582
50583
50584
B50585
C50586
D50587
50588
E50589
F50590
G50591
50592
H50593
I50594
J50595
K50596
L50597
M50598
N50599
O50600
50601
P50602
Q50603
R50604
S50605
T50606
U50607
V50608
W50609
X50610
Y50611
50612
50613
Z50614
a50615
50616
50617
b50618
50619
50620
50621
50622
c50623
d50624
e50625
f50626
g50627
50628
50629
50630
50631
50632
50633
50634
h50635
50636
i50637
50638
j50639
50640
50641
k50642
l50643
50644
m50645
n50646
o50647
50648
p50649
q50650
r50651
s50652
t50653
u50654
v50655
50656
50657
w50658
50659
x50660
50661
y50662
z50663
50664
50665
50666
50667
50668
50669
50670
50671
50672
50673
50674
50675
50676
50677
50678
50679
50680
50681
50682
50683
50684
50685
50686
50687
50688
50689
50690
50691
50692
50693
50694
50695
50696
50697
50698
50699
50700
50701
50702
50703
50704
50705
50706
50707
50708
50709
50710
50711
50712
50713
50714
50715
50716
50717
50718
50719
50720
50721
50722
50723
50724
50725
50726
50727
50728
50729
50730
50731
50732
50733
50734
50735
50736
50737
50738
50739
50740
50741
50742
50743
50744
50745
50746
50747
50748
50749
50750
50751
50752
50753
50754
50755
50756
50757
50758
50759
50760
50761
50762
50763
50764
50765
50766
50767
50768
50769
50770
50771
50772
50773
50774
50775
50776
50777
50778
50779
50780
50781
50782
50783
50784
50785
50786
50787
50788
50789
50790
50791
50792
50793
50794
50795
50796
50797
50798
50799
50800
50801
50802
50803
50804
50805
50806
50807
50808
50809
50810
50811
50812
50813
50814
50815
50816
50817
50818
50819
50820
50821
50822
50823
50824
50825
50826
50827
50828
50829
50830
50831
50832
50833
50834
50835
50836
50837
50838
50839
50840
50841
50842
50843
50844
50845
50846
50847
50848
50849
50850
50851
50852
50853
50854
50855
A50856
50857
B50858
C50859
D50860
E50861
F50862
G50863
50864
50865
H50866
I50867
50868
J50869
K50870
L50871
50872
50873
50874
M50875
N50876
O50877
P50878
Q50879
50880
50881
R50882
50883
S50884
50885
T50886
U50887
V50888
W50889
X50890
Y50891
50892
50893
Z50894
a50895
50896
b50897
c50898
d50899
50900
e50901
f50902
g50903
h50904
i50905
j50906
k50907
50908
50909
l50910
m50911
50912
50913
n50914
o50915
p50916
q50917
r50918
s50919
50920
50921
t50922
u50923
50924
v50925
w50926
x50927
50928
y50929
z50930
50931
50932
50933
50934
50935
50936
50937
50938
50939
50940
50941
50942
50943
50944
50945
50946
50947
50948
50949
50950
50951
50952
50953
50954
50955
50956
50957
50958
50959
50960
50961
50962
50963
50964
50965
50966
50967
50968
50969
50970
50971
50972
50973
50974
50975
50976
50977
50978
50979
50980
50981
50982
50983
50984
50985
50986
50987
50988
50989
50990
50991
50992
50993
50994
50995
50996
50997
50998
50999
51000
51001
51002
51003
51004
51005
51006
51007
51008
51009
51010
51011
51012
51013
51014
51015
51016
51017
51018
51019
51020
51021
51022
51023
51024
51025
51026
51027
51028
51029
51030
51031
51032
51033
51034
51035
51036
51037
51038
51039
51040
51041
51042
51043
51044
51045
51046
51047
51048
51049
51050
51051
51052
51053
51054
51055
51056
51057
51058
51059
51060
51061
51062
51063
51064
51065
51066
51067
51068
51069
51070
51071
51072
51073
51074
51075
51076
51077
51078
51079
51080
51081
51082
51083
51084
51085
51086
51087
51088
51089
51090
51091
51092
51093
51094
51095
51096
51097
51098
51099
51100
51101
51102
51103
51104
51105
51106
51107
51108
51109
51110
51111
51112
51113
51114
51115
51116
51117
51118
51119
51120
51121
51122
51123
51124
51125
51126
51127
A51128
B51129
C51130
D51131
51132
51133
E51134
51135
51136
51137
F51138
G51139
H51140
I51141
J51142
K51143
51144
51145
L51146
M51147
51148
N51149
51150
O51151
51152
P51153
Q51154
R51155
S51156
T51157
U51158
V51159
51160
W51161
X51162
Y51163
Z51164
51165
a51166
b51167
c51168
d51169
e51170
f51171
51172
g51173
h51174
i51175
51176
j51177
k51178
l51179
51180
m51181
n51182
o51183
p51184
q51185
r51186
s51187
t51188
u51189
v51190
w51191
x51192
y51193
z51194
51195
51196
51197
51198
51199
51200
51201
51202
51203
51204
51205
51206
51207
51208
51209
51210
51211
51212
51213
51214
51215
51216
51217
51218
51219
51220
51221
51222
51223
51224
51225
51226
51227
51228
51229
51230
51231
51232
51233
51234
51235
51236
51237
51238
51239
51240
51241
51242
51243
51244
51245
51246
51247
51248
51249
51250
51251
51252
51253
51254
51255
51256
51257
51258
51259
51260
51261
51262
51263
51264
51265
51266
51267
51268
51269
51270
51271
51272
51273
51274
51275
51276
51277
51278
51279
51280
51281
51282
51283
51284
51285
51286
51287
51288
51289
51290
51291
51292
51293
51294
51295
51296
51297
51298
51299
51300
51301
51302
51303
51304
51305
51306
51307
51308
51309
51310
51311
51312
51313
51314
51315
51316
51317
51318
51319
51320
51321
51322
51323
51324
51325
51326
51327
51328
51329
51330
51331
51332
51333
51334
51335
51336
51337
51338
51339
51340
51341
51342
51343
51344
51345
51346
51347
51348
51349
51350
51351
51352
51353
51354
51355
51356
51357
51358
51359
51360
51361
51362
51363
51364
A51365
B51366
C51367
51368
D51369
E51370
F51371
G51372
H51373
I51374
J51375
K51376
L51377
M51378
N51379
O51380
P51381
Q51382
R51383
S51384
T51385
U51386
V51387
51388
51389
W51390
X51391
Y51392
Z51393
a51394
b51395
51396
c51397
d51398
e51399
51400
f51401
g51402
h51403
51404
i51405
j51406
k51407
l51408
m51409
n51410
o51411
51412
51413
p51414
51415
q51416
51417
r51418
s51419
t51420
u51421
v51422
w51423
51424
51425
x51426
y51427
51428
z51429
51430
51431
51432
51433
51434
51435
51436
51437
51438
51439
51440
51441
51442
51443
51444
51445
51446
51447
51448
51449
51450
51451
51452
51453
51454
51455
51456
51457
51458
51459
51460
51461
51462
51463
51464
51465
51466
51467
51468
51469
51470
51471
A51472
51473
B51474
C51475
D51476
E51477
F51478
G51479
51480
H51481
I51482
J51483
K51484
L51485
M51486
N51487
O51488
P51489
Q51490
R51491
S51492
T51493
U51494
V51495
W51496
X51497
Y51498
Z51499
51500
a51501
b51502
c51503
d51504
e51505
f51506
g51507
51508
h51509
i51510
j51511
k51512
l51513
m51514
n51515
o51516
p51517
q51518
r51519
s51520
t51521
u51522
v51523
w51524
x51525
y51526
z51527
51528
51529
51530
51531
51532
51533
51534
51535
51536
51537
51538
51539
51540
51541
51542
51543
51544
51545
51546
51547
51548
51549
51550
51551
51552
51553
51554
51555
51556
51557
51558
51559
51560
51561
51562
51563
51564
51565
51566
51567
51568
A51569
B51570
C51571
51572
D51573
E51574
F51575
G51576
H51577
I51578
J51579
51580
K51581
L51582
M51583
N51584
O51585
P51586
Q51587
R51588
S51589
T51590
U51591
51592
51593
V51594
W51595
51596
X51597
Y51598
Z51599
51600
a51601
b51602
c51603
d51604
e51605
f51606
g51607
51608
51609
h51610
51611
i51612
51613
j51614
k51615
l51616
m51617
n51618
o51619
p51620
q51621
r51622
s51623
t51624
u51625
v51626
w51627
x51628
y51629
z51630
51631
51632
51633
51634
51635
51636
51637
51638
51639
51640
51641
51642
51643
51644
51645
51646
51647
51648
51649
51650
51651
51652
51653
51654
51655
51656
51657
51658
51659
51660
51661
51662
51663
51664
51665
51666
51667
51668
¡51669
¢51670
51671
51672
£51673
¤51674
51675
¥51676
¦51677
A51678
B51679
§51680
C51681
¨51682
D51683
©51684
E51685
F51686
ª51687
G51688
H51689
I51690
J51691
«51692
¬51693
K51694
­51695
®51696
¯51697
L51698
M51699
N51700
O51701
P51702
Q51703
°51704
±51705
R51706
S51707
²51708
T51709
U51710
V51711
³51712
W51713
X51714
Y51715
Z51716
a51717
b51718
c51719
´51720
µ51721
d51722
¶51723
·51724
¸51725
e51726
f51727
g51728
h51729
i51730
j51731
¹51732
k51733
l51734
m51735
º51736
n51737
o51738
p51739
q51740
r51741
s51742
t51743
u51744
v51745
w51746
x51747
y51748
z51749
51750
51751
51752
»51753
51754
51755
51756
51757
51758
51759
51760
51761
51762
51763
51764
51765
51766
51767
51768
51769
51770
51771
51772
51773
51774
51775
51776
51777
51778
51779
51780
51781
51782
A51783
B51784
C51785
D51786
E51787
¼51788
½51789
F51790
G51791
¾51792
H51793
I51794
J51795
¿51796
K51797
L51798
M51799
N51800
O51801
P51802
Q51803
51804
51805
R51806
51807
51808
51809
S51810
T51811
U51812
V51813
W51814
X51815
51816
Y51817
Z51818
a51819
b51820
c51821
d51822
e51823
f51824
g51825
h51826
i51827
j51828
k51829
l51830
m51831
n51832
o51833
p51834
q51835
r51836
51837
s51838
t51839
u51840
v51841
w51842
x51843
51844
y51845
z51846
51847
51848
51849
51850
51851
51852
51853
51854
51855
51856
51857
51858
51859
51860
51861
51862
51863
51864
51865
51866
51867
51868
51869
51870
51871
51872
51873
51874
51875
51876
51877
51878
51879
A51880
B51881
C51882
D51883
E51884
F51885
G51886
H51887
I51888
J51889
K51890
L51891
M51892
N51893
O51894
P51895
Q51896
R51897
S51898
T51899
51900
51901
U51902
V51903
51904
W51905
X51906
Y51907
51908
Z51909
a51910
b51911
c51912
d51913
e51914
f51915
51916
51917
g51918
51919
h51920
51921
i51922
51923
j51924
k51925
l51926
m51927
51928
51929
n51930
o51931
p51932
q51933
r51934
s51935
51936
t51937
u51938
v51939
w51940
x51941
y51942
z51943
51944
51945
51946
51947
51948
51949
51950
51951
51952
51953
51954
51955
51956
51957
51958
51959
51960
51961
51962
51963
51964
51965
51966
51967
51968
51969
51970
51971
51972
51973
51974
51975
51976
51977
51978
A51979
B51980
C51981
D51982
E51983
51984
F51985
G51986
H51987
51988
I51989
J51990
K51991
51992
L51993
M51994
N51995
O51996
P51997
Q51998
R51999
52000
52001
S52002
T52003
U52004
V52005
W52006
X52007
Y52008
Z52009
a52010
b52011
c52012
d52013
e52014
f52015
g52016
h52017
i52018
j52019
k52020
l52021
m52022
n52023
o52024
p52025
q52026
r52027
s52028
t52029
u52030
v52031
w52032
52033
x52034
y52035
z52036
52037
52038
52039
52040
52041
52042
52043
52044
52045
52046
52047
52048
52049
52050
52051
52052
52053
52054
52055
52056
52057
52058
52059
52060
52061
52062
52063
52064
52065
52066
52067
52068
52069
52070
52071
52072
52073
52074
52075
52076
A52077
B52078
C52079
D52080
E52081
F52082
G52083
H52084
I52085
J52086
K52087
52088
52089
L52090
M52091
N52092
O52093
P52094
Q52095
R52096
S52097
T52098
U52099
V52100
W52101
X52102
Y52103
Z52104
a52105
b52106
c52107
d52108
e52109
f52110
g52111
h52112
i52113
j52114
k52115
l52116
m52117
n52118
o52119
p52120
q52121
r52122
s52123
52124
t52125
u52126
v52127
w52128
x52129
y52130
z52131
52132
52133
52134
52135
52136
52137
52138
52139
52140
52141
52142
52143
52144
52145
52146
52147
52148
52149
52150
52151
52152
52153
52154
52155
52156
52157
52158
52159
52160
52161
52162
52163
52164
A52165
B52166
C52167
D52168
E52169
F52170
G52171
H52172
I52173
J52174
K52175
L52176
M52177
N52178
O52179
52180
P52181
Q52182
R52183
S52184
T52185
U52186
V52187
W52188
X52189
Y52190
Z52191
a52192
b52193
c52194
d52195
52196
e52197
f52198
52199
g52200
52201
h52202
i52203
j52204
k52205
l52206
m52207
n52208
o52209
p52210
q52211
r52212
s52213
t52214
u52215
v52216
w52217
x52218
y52219
z52220
52221
52222
52223
52224
52225
52226
52227
52228
52229
52230
52231
52232
52233
52234
52235
52236
52237
52238
52239
52240
52241
52242
52243
52244
52245
52246
52247
52248
52249
52250
52251
52252
52253
52254
52255
52256
52257
52258
52259
52260
A52261
B52262
52263
52264
52265
C52266
D52267
52268
E52269
52270
F52271
52272
G52273
H52274
I52275
J52276
K52277
L52278
M52279
52280
52281
N52282
52283
á52284
â52285
ã52286
O52287
P52288
Q52289
R52290
S52291
ä52292
å52293
T52294
U52295
æ52296
V52297
W52298
X52299
ç52300
Y52301
Z52302
a52303
b52304
c52305
d52306
e52307
è52308
é52309
f52310
ê52311
ë52312
ì52313
g52314
h52315
i52316
j52317
k52318
l52319
í52320
m52321
n52322
o52323
î52324
p52325
ï52326
q52327
ð52328
r52329
s52330
t52331
u52332
v52333
w52334
x52335
ñ52336
y52337
z52338
52339
52340
ò52341
52342
52343
52344
52345
52346
52347
52348
52349
52350
52351
52352
52353
52354
52355
52356
52357
52358
52359
52360
52361
52362
52363
52364
52365
52366
52367
52368
52369
52370
52371
A52372
B52373
C52374
D52375
ó52376
ô52377
E52378
F52379
õ52380
G52381
H52382
I52383
ö52384
J52385
K52386
L52387
M52388
N52389
O52390
P52391
÷52392
ø52393
Q52394
ù52395
ú52396
û52397
R52398
S52399
T52400
U52401
V52402
W52403
ü52404
ý52405
X52406
Y52407
þ52408
Z52409
a52410
b52411
ÿ52412
c52413
d52414
e52415
f52416
g52417
h52418
i52419
52420
52421
j52422
52423
k52424
52425
l52426
m52427
n52428
o52429
p52430
q52431
52432
r52433
s52434
t52435
52436
u52437
v52438
w52439
x52440
y52441
z52442
52443
52444
52445
52446
52447
52448
52449
52450
52451
52452
52453
52454
52455
52456
52457
52458
52459
52460
52461
52462
52463
52464
52465
52466
52467
52468
52469
52470
52471
52472
52473
52474
52475
52476
52477
A52478
B52479
C52480
52481
D52482
E52483
F52484
G52485
H52486
I52487
52488
52489
J52490
K52491
52492
L52493
M52494
N52495
52496
O52497
P52498
Q52499
R52500
S52501
T52502
U52503
52504
52505
V52506
52507
W52508
52509
X52510
Y52511
Z52512
a52513
b52514
c52515
52516
d52517
e52518
f52519
52520
g52521
h52522
i52523
52524
j52525
k52526
l52527
m52528
n52529
o52530
p52531
q52532
r52533
s52534
t52535
u52536
52537
v52538
w52539
x52540
y52541
z52542
52543
52544
52545
52546
52547
52548
52549
52550
52551
52552
52553
52554
52555
52556
52557
52558
52559
52560
52561
52562
52563
52564
52565
52566
52567
52568
52569
52570
52571
52572
52573
52574
52575
52576
A52577
B52578
C52579
52580
D52581
E52582
F52583
G52584
H52585
I52586
J52587
52588
52589
K52590
52591
L52592
52593
M52594
N52595
O52596
P52597
Q52598
R52599
52600
S52601
T52602
U52603
V52604
W52605
X52606
Y52607
Z52608
a52609
b52610
c52611
d52612
e52613
f52614
g52615
52616
h52617
i52618
j52619
k52620
l52621
m52622
n52623
o52624
p52625
q52626
r52627
52628
52629
s52630
t52631
52632
u52633
v52634
w52635
52636
x52637
y52638
z52639
52640
52641
52642
52643
52644
52645
52646
52647
52648
52649
52650
52651
52652
52653
52654
52655
52656
52657
52658
52659
52660
52661
52662
52663
52664
52665
52666
52667
52668
52669
52670
52671
52672
52673
52674
52675
52676
52677
A52678
B52679
C52680
D52681
E52682
F52683
52684
G52685
H52686
I52687
52688
J52689
K52690
L52691
M52692
N52693
O52694
P52695
Q52696
R52697
S52698
T52699
U52700
V52701
W52702
X52703
Y52704
Z52705
a52706
b52707
c52708
d52709
e52710
f52711
52712
g52713
h52714
i52715
52716
j52717
k52718
l52719
52720
m52721
n52722
o52723
p52724
q52725
r52726
s52727
52728
52729
t52730
52731
u52732
52733
v52734
w52735
x52736
y52737
z52738
52739
52740
52741
52742
52743
52744
52745
52746
52747
52748
52749
52750
52751
52752
52753
52754
52755
52756
52757
52758
52759
52760
52761
52762
52763
52764
52765
52766
52767
52768
52769
52770
52771
52772
52773
52774
52775
52776
52777
52778
52779
A52780
B52781
C52782
D52783
52784
52785
E52786
52787
F52788
52789
G52790
H52791
I52792
J52793
K52794
L52795
M52796
N52797
O52798
P52799
Q52800
R52801
S52802
T52803
U52804
V52805
W52806
X52807
Y52808
Z52809
a52810
b52811
c52812
d52813
e52814
f52815
g52816
h52817
i52818
j52819
k52820
l52821
m52822
n52823
ġ52824
Ģ52825
o52826
p52827
ģ52828
q52829
r52830
Ĥ52831
ĥ52832
Ħ52833
s52834
t52835
u52836
v52837
w52838
x52839
ħ52840
Ĩ52841
y52842
ĩ52843
z52844
Ī52845
52846
52847
52848
52849
52850
52851
ī52852
Ĭ52853
52854
52855
ĭ52856
52857
52858
52859
Į52860
52861
52862
52863
52864
52865
52866
52867
į52868
İ52869
52870
ı52871
52872
Ĳ52873
52874
52875
52876
52877
52878
52879
ĳ52880
Ĵ52881
52882
52883
ĵ52884
52885
52886
52887
Ķ52888
52889
A52890
B52891
C52892
D52893
E52894
F52895
ķ52896
ĸ52897
G52898
Ĺ52899
ĺ52900
Ļ52901
H52902
I52903
J52904
K52905
L52906
M52907
ļ52908
Ľ52909
N52910
O52911
P52912
Q52913
R52914
S52915
T52916
U52917
V52918
W52919
X52920
Y52921
Z52922
a52923
b52924
c52925
d52926
e52927
f52928
ľ52929
g52930
h52931
i52932
j52933
k52934
l52935
m52936
n52937
o52938
p52939
q52940
r52941
s52942
t52943
u52944
v52945
w52946
x52947
y52948
z52949
52950
52951
52952
52953
52954
52955
52956
52957
52958
52959
52960
52961
52962
52963
Ŀ52964
52965
52966
52967
52968
52969
52970
52971
52972
52973
52974
52975
52976
52977
52978
52979
52980
52981
52982
52983
52984
52985
52986
52987
52988
52989
52990
52991
52992
52993
A52994
B52995
52996
C52997
D52998
E52999
53000
F53001
G53002
H53003
I53004
J53005
K53006
L53007
53008
53009
M53010
53011
N53012
53013
O53014
P53015
Q53016
R53017
S53018
T53019
53020
U53021
V53022
W53023
53024
X53025
Y53026
Z53027
53028
a53029
b53030
c53031
d53032
e53033
f53034
g53035
53036
53037
h53038
53039
53040
53041
i53042
j53043
k53044
l53045
m53046
n53047
53048
o53049
p53050
q53051
r53052
s53053
t53054
u53055
v53056
w53057
x53058
y53059
z53060
53061
53062
53063
53064
53065
53066
53067
53068
53069
53070
53071
53072
53073
53074
53075
53076
53077
53078
53079
53080
53081
53082
53083
53084
53085
53086
53087
53088
53089
53090
53091
53092
53093
53094
53095
53096
53097
53098
53099
53100
A53101
B53102
C53103
53104
53105
D53106
E53107
53108
F53109
G53110
H53111
53112
I53113
J53114
K53115
L53116
M53117
N53118
O53119
53120
P53121
Q53122
R53123
S53124
53125
T53126
U53127
V53128
W53129
X53130
Y53131
53132
Z53133
a53134
b53135
c53136
d53137
e53138
f53139
g53140
h53141
i53142
j53143
k53144
l53145
m53146
n53147
o53148
p53149
q53150
r53151
s53152
53153
t53154
u53155
v53156
w53157
x53158
y53159
53160
z53161
53162
53163
53164
53165
53166
53167
53168
53169
53170
53171
53172
53173
53174
53175
53176
53177
53178
53179
53180
53181
53182
53183
53184
53185
53186
53187
53188
53189
53190
53191
53192
53193
53194
53195
A53196
B53197
C53198
D53199
E53200
F53201
G53202
H53203
I53204
J53205
K53206
L53207
M53208
N53209
O53210
P53211
Q53212
R53213
S53214
T53215
53216
53217
U53218
V53219
53220
W53221
X53222
Y53223
53224
Z53225
a53226
b53227
c53228
d53229
e53230
f53231
53232
53233
g53234
53235
h53236
53237
i53238
j53239
k53240
l53241
m53242
n53243
53244
o53245
p53246
q53247
53248
r53249
s53250
t53251
53252
u53253
v53254
w53255
x53256
y53257
z53258
53259
53260
53261
53262
53263
53264
53265
53266
53267
53268
53269
53270
53271
53272
53273
53274
53275
53276
53277
53278
53279
53280
53281
53282
53283
53284
53285
53286
53287
53288
53289
53290
53291
53292
53293
A53294
B53295
C53296
D53297
E53298
F53299
53300
53301
G53302
H53303
53304
I53305
J53306
K53307
53308
L53309
M53310
N53311
O53312
P53313
Q53314
R53315
š53316
Ţ53317
S53318
ţ53319
T53320
Ť53321
U53322
V53323
W53324
X53325
Y53326
Z53327
ť53328
a53329
b53330
c53331
Ŧ53332
d53333
e53334
f53335
ŧ53336
g53337
h53338
i53339
j53340
k53341
l53342
m53343
Ũ53344
n53345
o53346
p53347
q53348
r53349
s53350
t53351
u53352
v53353
w53354
x53355
ũ53356
Ū53357
y53358
z53359
ū53360
53361
53362
53363
Ŭ53364
53365
53366
53367
53368
53369
53370
53371
ŭ53372
Ů53373
53374
53375
53376
ů53377
53378
53379
53380
53381
53382
53383
53384
53385
53386
53387
53388
53389
53390
53391
53392
53393
53394
53395
53396
A53397
B53398
C53399
D53400
E53401
F53402
G53403
H53404
I53405
J53406
K53407
L53408
M53409
N53410
O53411
Ű53412
ű53413
P53414
Q53415
Ų53416
R53417
S53418
T53419
ų53420
U53421
V53422
W53423
X53424
Y53425
Z53426
a53427
Ŵ53428
ŵ53429
b53430
Ŷ53431
c53432
ŷ53433
d53434
e53435
f53436
g53437
h53438
i53439
Ÿ53440
Ź53441
j53442
k53443
ź53444
l53445
m53446
n53447
Ż53448
ż53449
o53450
p53451
q53452
r53453
s53454
t53455
Ž53456
ž53457
u53458
ſ53459
53460
53461
v53462
w53463
x53464
y53465
z53466
53467
53468
53469
53470
53471
53472
53473
53474
53475
53476
53477
53478
53479
53480
53481
53482
53483
53484
53485
53486
53487
53488
53489
53490
53491
53492
53493
53494
53495
53496
53497
53498
53499
53500
53501
53502
53503
53504
53505
53506
53507
53508
A53509
B53510
C53511
D53512
E53513
F53514
G53515
H53516
53517
I53518
J53519
K53520
L53521
M53522
N53523
O53524
P53525
Q53526
R53527
S53528
T53529
U53530
V53531
W53532
X53533
Y53534
Z53535
a53536
b53537
c53538
d53539
e53540
f53541
g53542
h53543
i53544
j53545
k53546
l53547
m53548
n53549
o53550
p53551
53552
53553
q53554
r53555
53556
s53557
t53558
u53559
53560
v53561
53562
w53563
x53564
y53565
z53566
53567
53568
53569
53570
53571
53572
53573
53574
53575
53576
53577
53578
53579
53580
53581
53582
53583
53584
53585
53586
53587
53588
53589
53590
53591
53592
53593
53594
53595
53596
53597
53598
53599
53600
53601
53602
53603
53604
53605
53606
53607
53608
53609
53610
53611
53612
53613
A53614
B53615
C53616
D53617
E53618
F53619
G53620
H53621
I53622
J53623
K53624
L53625
M53626
N53627
53628
O53629
P53630
Q53631
R53632
S53633
T53634
U53635
53636
V53637
W53638
X53639
53640
Y53641
Z53642
a53643
b53644
c53645
d53646
e53647
f53648
g53649
h53650
i53651
j53652
k53653
l53654
m53655
n53656
o53657
p53658
q53659
r53660
s53661
t53662
u53663
53664
53665
v53666
w53667
53668
x53669
y53670
z53671
53672
53673
53674
53675
53676
53677
53678
53679
53680
53681
53682
53683
53684
53685
53686
53687
53688
53689
53690
53691
53692
53693
53694
53695
53696
53697
53698
53699
53700
53701
53702
53703
53704
53705
53706
53707
53708
53709
53710
53711
A53712
B53713
C53714
D53715
E53716
F53717
G53718
H53719
53720
I53721
J53722
K53723
L53724
M53725
N53726
O53727
P53728
Q53729
R53730
S53731
T53732
U53733
V53734
W53735
X53736
Y53737
Z53738
a53739
b53740
c53741
d53742
e53743
f53744
g53745
h53746
i53747
53748
j53749
k53750
l53751
53752
m53753
n53754
o53755
p53756
q53757
r53758
s53759
t53760
u53761
v53762
w53763
x53764
y53765
z53766
53767
53768
53769
53770
53771
53772
53773
53774
53775
53776
53777
53778
53779
53780
53781
53782
53783
53784
53785
53786
53787
53788
53789
53790
53791
53792
53793
53794
53795
53796
53797
53798
53799
53800
53801
A53802
B53803
53804
53805
C53806
D53807
53808
E53809
F53810
G53811
53812
H53813
I53814
J53815
K53816
L53817
M53818
N53819
53820
53821
O53822
53823
P53824
53825
Q53826
R53827
S53828
T53829
U53830
V53831
53832
W53833
X53834
Y53835
Z53836
a53837
b53838
c53839
d53840
e53841
f53842
g53843
h53844
i53845
j53846
k53847
l53848
m53849
n53850
o53851
53852
p53853
q53854
r53855
s53856
t53857
u53858
v53859
ơ53860
w53861
x53862
y53863
z53864
53865
53866
53867
53868
53869
53870
53871
53872
53873
53874
53875
53876
53877
53878
53879
53880
53881
53882
53883
53884
53885
53886
53887
Ƣ53888
ƣ53889
53890
53891
Ƥ53892
53893
53894
53895
ƥ53896
53897
53898
53899
53900
A53901
B53902
C53903
Ʀ53904
Ƨ53905
D53906
E53907
F53908
ƨ53909
G53910
H53911
I53912
J53913
K53914
L53915
Ʃ53916
M53917
N53918
O53919
ƪ53920
P53921
Q53922
R53923
ƫ53924
S53925
T53926
U53927
V53928
W53929
X53930
Y53931
Ƭ53932
Z53933
a53934
b53935
c53936
ƭ53937
d53938
e53939
f53940
g53941
h53942
i53943
Ʈ53944
Ư53945
j53946
k53947
ư53948
l53949
m53950
Ʊ53951
Ʋ53952
n53953
Ƴ53954
o53955
p53956
q53957
r53958
s53959
ƴ53960
Ƶ53961
t53962
ƶ53963
u53964
v53965
w53966
x53967
y53968
z53969
53970
53971
Ʒ53972
53973
53974
53975
Ƹ53976
53977
53978
53979
ƹ53980
53981
53982
53983
53984
53985
53986
53987
ƺ53988
ƻ53989
53990
53991
53992
53993
53994
53995
53996
53997
53998
53999
Ƽ54000
ƽ54001
54002
54003
ƾ54004
54005
54006
54007
ƿ54008
54009
54010
A54011
B54012
C54013
D54014
E54015
54016
54017
F54018
54019
G54020
54021
H54022
I54023
J54024
K54025
L54026
M54027
54028
54029
54030
N54031
54032
O54033
P54034
Q54035
54036
R54037
54038
S54039
T54040
U54041
V54042
W54043
54044
54045
X54046
54047
54048
54049
Y54050
Z54051
a54052
54053
b54054
c54055
54056
54057
d54058
e54059
54060
f54061
g54062
h54063
54064
i54065
j54066
k54067
l54068
m54069
n54070
o54071
54072
54073
p54074
54075
54076
54077
q54078
r54079
s54080
t54081
u54082
v54083
54084
54085
w54086
x54087
y54088
z54089
54090
54091
54092
54093
54094
54095
54096
54097
54098
54099
54100
54101
54102
54103
54104
54105
54106
54107
54108
54109
54110
54111
54112
54113
54114
54115
54116
54117
54118
54119
54120
54121
A54122
B54123
C54124
D54125
E54126
F54127
G54128
H54129
I54130
J54131
K54132
L54133
M54134
N54135
O54136
P54137
Q54138
R54139
54140
54141
S54142
T54143
54144
U54145
V54146
W54147
54148
X54149
Y54150
Z54151
a54152
b54153
c54154
d54155
54156
54157
e54158
54159
54160
54161
f54162
g54163
h54164
i54165
j54166
k54167
54168
54169
l54170
m54171
54172
n54173
o54174
p54175
54176
q54177
r54178
s54179
t54180
u54181
v54182
w54183
54184
54185
x54186
54187
y54188
54189
z54190
54191
54192
54193
54194
54195
54196
54197
54198
54199
54200
54201
54202
54203
54204
54205
54206
54207
54208
54209
54210
54211
54212
54213
54214
54215
54216
54217
54218
54219
54220
54221
54222
54223
54224
54225
54226
54227
54228
54229
54230
A54231
54232
B54233
C54234
D54235
E54236
F54237
G54238
H54239
I54240
54241
J54242
54243
K54244
L54245
M54246
N54247
O54248
P54249
Q54250
R54251
54252
54253
S54254
T54255
54256
U54257
V54258
W54259
54260
X54261
Y54262
Z54263
a54264
b54265
c54266
d54267
54268
54269
e54270
54271
f54272
54273
g54274
h54275
i54276
j54277
k54278
l54279
ǡ54280
m54281
n54282
o54283
p54284
q54285
r54286
s54287
t54288
u54289
v54290
w54291
x54292
y54293
z54294
54295
54296
54297
54298
54299
54300
Ǣ54301
54302
54303
54304
54305
54306
54307
54308
54309
54310
54311
54312
54313
54314
54315
54316
54317
54318
54319
54320
54321
54322
54323
54324
54325
54326
54327
A54328
B54329
C54330
D54331
E54332
F54333
G54334
H54335
ǣ54336
I54337
J54338
K54339
Ǥ54340
L54341
M54342
N54343
O54344
P54345
Q54346
R54347
S54348
T54349
U54350
V54351
W54352
X54353
Y54354
Z54355
a54356
b54357
c54358
d54359
e54360
f54361
g54362
h54363
ǥ54364
i54365
j54366
k54367
Ǧ54368
l54369
m54370
n54371
ǧ54372
o54373
p54374
q54375
r54376
s54377
t54378
u54379
v54380
Ǩ54381
w54382
ǩ54383
x54384
y54385
z54386
54387
54388
54389
54390
54391
Ǫ54392
ǫ54393
54394
54395
Ǭ54396
54397
54398
ǭ54399
Ǯ54400
54401
ǯ54402
54403
54404
54405
54406
54407
ǰ54408
Ǳ54409
54410
ǲ54411
54412
ǳ54413
54414
54415
54416
54417
54418
54419
Ǵ54420
54421
54422
54423
54424
54425
54426
54427
54428
54429
A54430
B54431
C54432
D54433
E54434
F54435
G54436
H54437
I54438
J54439
K54440
ǵ54441
L54442
M54443
N54444
O54445
P54446
Q54447
R54448
S54449
T54450
U54451
V54452
W54453
X54454
Y54455
Z54456
a54457
b54458
c54459
d54460
e54461
f54462
g54463
h54464
i54465
j54466
k54467
l54468
m54469
n54470
o54471
p54472
q54473
r54474
s54475
Ƕ54476
t54477
u54478
v54479
Ƿ54480
w54481
x54482
y54483
Ǹ54484
z54485
54486
54487
54488
54489
54490
54491
ǹ54492
54493
54494
Ǻ54495
54496
54497
54498
54499
54500
54501
54502
54503
ǻ54504
54505
54506
54507
Ǽ54508
54509
54510
54511
ǽ54512
54513
54514
54515
54516
54517
54518
54519
Ǿ54520
54521
54522
ǿ54523
54524
54525
A54526
B54527
C54528
D54529
E54530
F54531
54532
G54533
H54534
I54535
54536
J54537
K54538
L54539
54540
M54541
N54542
O54543
P54544
Q54545
R54546
S54547
54548
54549
T54550
54551
U54552
V54553
W54554
X54555
Y54556
Z54557
a54558
b54559
c54560
d54561
e54562
f54563
g54564
h54565
i54566
j54567
k54568
l54569
m54570
n54571
o54572
p54573
q54574
r54575
s54576
t54577
u54578
v54579
w54580
x54581
y54582
z54583
54584
54585
54586
54587
54588
54589
54590
54591
54592
54593
54594
54595
54596
54597
54598
54599
54600
54601
54602
54603
54604
54605
54606
54607
54608
54609
54610
54611
54612
54613
54614
54615
54616
54617
54618
54619
54620
54621
54622
54623
54624
54625
54626
54627
A54628
54629
B54630
C54631
54632
54633
D54634
54635
E54636
54637
F54638
G54639
H54640
I54641
J54642
K54643
54644
54645
L54646
M54647
54648
N54649
O54650
P54651
54652
Q54653
R54654
S54655
T54656
U54657
V54658
W54659
54660
54661
X54662
54663
54664
54665
Y54666
Z54667
a54668
b54669
c54670
d54671
54672
e54673
f54674
g54675
h54676
i54677
j54678
k54679
l54680
m54681
n54682
o54683
p54684
q54685
r54686
s54687
t54688
u54689
v54690
w54691
x54692
54693
y54694
z54695
54696
54697
54698
54699
54700
54701
54702
54703
54704
54705
54706
54707
54708
54709
54710
54711
54712
54713
54714
54715
54716
54717
54718
54719
54720
54721
54722
54723
54724
54725
54726
54727
54728
54729
A54730
B54731
54732
C54733
D54734
E54735
54736
F54737
54738
G54739
H54740
I54741
J54742
K54743
54744
54745
L54746
54747
M54748
54749
N54750
O54751
P54752
Q54753
R54754
S54755
54756
54757
T54758
U54759
54760
V54761
W54762
X54763
54764
Y54765
Z54766
a54767
b54768
c54769
d54770
e54771
54772
54773
f54774
54775
g54776
54777
h54778
i54779
j54780
k54781
l54782
m54783
54784
54785
n54786
o54787
54788
p54789
q54790
r54791
54792
s54793
t54794
u54795
v54796
w54797
x54798
y54799
54800
54801
z54802
54803
54804
54805
54806
54807
54808
54809
54810
54811
54812
54813
54814
54815
54816
54817
54818
54819
ȡ54820
54821
54822
54823
54824
54825
54826
54827
54828
Ȣ54829
54830
54831
54832
54833
54834
54835
54836
54837
54838
54839
ȣ54840
Ȥ54841
54842
 54843
ȥ54844
A54845
B54846
C54847
Ȧ54848
D54849
E54850
F54851
G54852
ȧ54853
H54854
I54855
Ȩ54856
ȩ54857
J54858
Ȫ54859
K54860
ȫ54861
L54862
M54863
N54864
Ȭ54865
O54866
P54867
ȭ54868
Ȯ54869
Q54870
R54871
ȯ54872
S54873
T54874
U54875
Ȱ54876
V54877
W54878
X54879
Y54880
Z54881
a54882
b54883
c54884
d54885
e54886
ȱ54887
f54888
Ȳ54889
g54890
h54891
i54892
j54893
k54894
l54895
ȳ54896
ȴ54897
m54898
n54899
ȵ54900
o54901
p54902
q54903
r54904
s54905
t54906
u54907
v54908
w54909
x54910
y54911
z54912
Á54913
Â54914
ȶ54915
Ã54916
ȷ54917
Ä54918
Å54919
Æ54920
Ç54921
È54922
É54923
ȸ54924
ȹ54925
Ê54926
Ë54927
Ⱥ54928
Ì54929
Í54930
Î54931
Ȼ54932
Ï54933
Ð54934
Ñ54935
Ò54936
Ó54937
Ô54938
Õ54939
Ö54940
ȼ54941
×54942
Ƚ54943
Ø54944
Ⱦ54945
Ù54946
Ú54947
Û54948
Ü54949
Ý54950
Þ54951
ȿ54952
ß54953
à54954
A54955
54956
B54957
C54958
D54959
54960
E54961
F54962
G54963
H54964
I54965
J54966
K54967
L54968
54969
M54970
54971
N54972
O54973
P54974
Q54975
R54976
S54977
T54978
U54979
54980
54981
V54982
W54983
54984
X54985
Y54986
Z54987
54988
a54989
b54990
c54991
d54992
54993
e54994
f54995
54996
g54997
h54998
54999
i55000
55001
j55002
k55003
l55004
m55005
n55006
o55007
55008
p55009
q55010
r55011
55012
s55013
t55014
u55015
55016
v55017
w55018
x55019
y55020
z55021
ā55022
Ă55023
55024
ă55025
Ą55026
ą55027
Ć55028
55029
ć55030
Ĉ55031
ĉ55032
Ċ55033
ċ55034
Č55035
55036
55037
č55038
Ď55039
55040
ď55041
Đ55042
đ55043
55044
Ē55045
ē55046
Ĕ55047
ĕ55048
Ė55049
ė55050
Ę55051
ę55052
Ě55053
ě55054
Ĝ55055
ĝ55056
55057
Ğ55058
ğ55059
Ġ55060
A55061
B55062
C55063
55064
55065
D55066
E55067
55068
F55069
G55070
H55071
55072
I55073
J55074
K55075
L55076
M55077
N55078
O55079
55080
55081
P55082
55083
Q55084
55085
R55086
S55087
T55088
U55089
V55090
W55091
55092
55093
X55094
Y55095
55096
Z55097
a55098
b55099
55100
c55101
d55102
e55103
f55104
g55105
h55106
i55107
55108
j55109
k55110
55111
l55112
55113
m55114
n55115
o55116
p55117
q55118
r55119
55120
55121
s55122
t55123
55124
u55125
55126
55127
55128
55129
v55130
w55131
x55132
y55133
z55134
Ł55135
55136
55137
ł55138
55139
Ń55140
55141
ń55142
Ņ55143
ņ55144
55145
Ň55146
ň55147
55148
ŉ55149
Ŋ55150
ŋ55151
55152
Ō55153
ō55154
Ŏ55155
55156
ŏ55157
Ő55158
ő55159
Œ55160
œ55161
Ŕ55162
ŕ55163
55164
55165
Ŗ55166
ŗ55167
Ř55168
55169
ř55170
Ś55171
ś55172
Ŝ55173
ŝ55174
Ş55175
55176
55177
ş55178
Š55179
55180
A55181
B55182
C55183
55184
D55185
E55186
F55187
G55188
H55189
I55190
J55191
55192
55193
K55194
55195
L55196
55197
M55198
N55199
O55200
P55201
Q55202
R55203
